3.97468287973
13.3611526108
13.5846214907
2.4763906298
8.22939609672
2.41455326883
11.4733850742
9.54220568223
14.9129594748
8.41894483291
11.8058187488
1.66911231355
4.03526172775
11.666127397
0.734696970609
10.7674550156
13.530514812
3.74893327089
12.6309533444
6.0212152819
14.164791604
14.2309272385
11.2047523463
11.0394127625
14.3351028247
3.43103006916
4.04223542737
8.64411524605
1.03184988107
14.7317988927
11.0087174457
1.7075330095
9.26549602559
3.9782686573
13.1170890758
11.9000345619
9.23083830446
14.244043961
14.4870719866
0.628624511291
2.02730020879
9.99134108731
3.16059773163
11.1581717319
12.5979418785
4.07556549505
14.0567912772
1.6530809763
14.1571795417
10.1388345258
10.9865268358
11.9047609744
14.8166629927
2.25977139734
3.08325019415
13.3585151125
3.62280101987
9.59466552372
13.5188231451
1.94675953026
12.0937232096
2.13944925518
7.73196654863
12.0057864347
11.0887015752
8.6876785379
8.79401437058
7.03408131635
3.93423983218
13.4302476273
