1.30428285042
2.17435963074
1.34649965356
0.502632568393
2.21830314992
0.395256975339
1.15289864367
1.64189763831
2.39662942988
1.52843562308
2.90940818066
1.20828869875
2.58444718195
0.835706275111
1.34907399424
0.358764200698
1.6576933319
0.097471634539
2.0406123539
2.9911525007
2.61304852675
0.480843343018
1.37546387872
2.88903200358
0.298846457735
0.747146116646
2.9334981966
2.55471087568
1.93913277827
0.538648162829
1.65448334019
2.02559129503
2.28522988229
2.23620028686
1.7265097064
0.193346538898
1.51935799341
1.92338319558
0.47586420387
1.30322588219
0.0247644725648
1.64733701485
2.35784979125
1.0237169165
2.17991852195
1.21898353979
0.691457225129
2.17581837625
1.56486554498
2.96626845796
1.17102898708
0.833575654255
1.06079970932
2.76468048463
2.00611951473
0.971667233257
2.32870476818
2.00437756486
1.38236950946
0.0554122607334
2.15846228362
0.0642341660262
1.50229874253
2.98365155504
0.307436997166
0.0942035329921
1.67204216248
2.13332861297
2.87805240599
0.764314619141
1.65194946801
0.657224743987
0.387996540195
2.18796669257
0.544287230631
0.596018820152
1.98854180378
0.839698344997
0.502532709584
2.40444675208
2.34654974911
1.29581288973
2.73481834057
1.65061014339
0.316571866635
2.17267690076
2.80410061468
1.36877751756
2.76015665723
0.305935546664
1.16522286288
0.845132815623
1.32962741633
2.77058679306
1.67958778094
2.08863347131
1.62239945418
2.70243730745
0.659643014791
2.43908431722
1.17317238522
1.93288094639
2.67108888249
2.52943671627
0.704437833448
1.17142409902
0.991231656004
1.49634607632
2.31253972748
1.31451431986
2.08958542146
1.67989017232
1.31623665208
0.495114826749
1.32380362175
2.43647266705
0.526359131518
2.87201727702
2.48813315933
2.27637935186
2.59543337449
2.06688223925
0.0482731980238
1.0523914875
1.36565111338
2.40568252461
2.54078699706
2.03663978616
2.4352882622
2.02745117414
0.923414165826
2.16844629816
1.76415068681
0.215512084847
1.17398264995
2.45071420123
0.369078407307
0.173370332318
0.259668036612
2.98774316007
1.5843941319
0.605550717164
2.43785985957
2.31317887505
