7.14880499156
4.77035020526
9.00582695581
8.79529173512
7.38636272353
6.4375934721
7.37316018366
5.08893890302
6.31853116038
8.71594971643
8.61861925088
4.74815931237
7.36461595622
6.33485728015
8.35347596335
7.65705333999
7.22401835397
8.23238571709
7.50916666057
5.95907390811
5.54426881516
7.93614383537
6.10077145674
6.96830210938
6.26386175291
8.67644563021
8.4884279481
8.50190704691
8.69363110519
7.51909779058
8.93953194834
8.10780237092
7.59945170659
8.53352146819
6.76168551658
5.65889873055
6.17724191084
7.30509335747
7.25786615844
5.3610561289
7.51711263571
8.01825448204
8.30905030487
6.62569823985
7.71192410296
8.87232327264
7.42528673215
9.19039570974
8.94593790434
8.49032847014
7.64883799399
6.07427041465
9.15461860579
7.91851537188
6.89504916468
7.03180200571
4.64185445154
4.64427329047
8.94905932446
7.02154410723
5.00559196882
5.98561093184
7.70605193326
5.03789458123
8.37277244667
5.2078073906
7.11846455649
7.12216221253
7.83807456953
5.41970111461
9.09824888438
5.17338842696
5.5806982436
6.25024047525
4.93098441434
6.62568152331
6.346525109
8.99503172243
8.68254166414
7.1437708872
8.6120438538
5.70451947299
7.7363215852
7.51792473267
6.0169275097
5.05839354563
5.90983596249
5.49565654405
5.06065915833
7.93914292808
8.57247312887
5.63539829811
8.51459541335
6.74762504364
8.92092633124
7.13671240097
7.24495219933
7.21929082175
5.69022324998
7.75238870467
6.12181020403
7.48077979192
7.58353110638
8.19338755992
7.55919608538
9.01226518472
7.83564380395
6.13168528027
6.67830766174
7.45433073015
5.08739594037
9.14045876917
6.07669468637
6.61317298237
7.95439943609
6.92202048319
6.56105524896
7.41224205223
5.90062671669
8.40066322207
8.60001780134
5.12987409688
6.92853383769
4.93171000598
5.25394881384
8.4551184784
4.62025193747
8.34008599459
7.14131543003
6.47570615617
6.29094563684
8.86219459385
8.08157683984
6.97640321483
6.76303442578
7.03387508366
7.45574178973
9.11417189322
9.14576476893
6.43925001682
7.62241365982
6.54066083047
8.67723740009
6.82775661299
